4.899999999999999911e-01 2.130000000000002724e-02
4.919999999999999929e-01 1.620999999999989949e-01
4.939999999999999947e-01 5.268000000000001570e-01
4.959999999999999964e-01 8.620999999999930941e-01
4.979999999999999982e-01 9.829999999999977645e-01
5.000000000000000000e-01 9.987999999999996881e-01
5.020000000000000018e-01 1.000000000000000000e+00
5.040000000000000036e-01 1.000000000000000000e+00
5.060000000000000053e-01 1.000000000000000000e+00
5.080000000000000071e-01 1.000000000000000000e+00
5.100000000000000089e-01 1.000000000000000000e+00
