2.600000000000000089e-01 1.000000000000000000e+00
2.630000000000000115e-01 9.999799999999999800e-01
2.660000000000000142e-01 9.998799999999998800e-01
2.690000000000000169e-01 9.962800000000002765e-01
2.720000000000000195e-01 9.451800000000073476e-01
2.750000000000000222e-01 6.741599999999945414e-01
2.780000000000000249e-01 2.380600000000013539e-01
2.810000000000000275e-01 3.181999999999927248e-02
2.839999999999999747e-01 1.899999999999996527e-03
2.869999999999999774e-01 2.000000000000000164e-05
2.899999999999999800e-01 0.000000000000000000e+00
