2.600000000000000089e-01 8.630200000000246563e-01
2.630000000000000115e-01 8.253800000000269810e-01
2.660000000000000142e-01 7.857600000000147800e-01
2.690000000000000169e-01 7.425000000000027134e-01
2.720000000000000195e-01 6.915599999999936243e-01
2.750000000000000222e-01 6.381399999999910477e-01
2.780000000000000249e-01 5.806599999999920714e-01
2.810000000000000275e-01 5.221999999999997755e-01
2.839999999999999747e-01 4.589400000000034008e-01
2.869999999999999774e-01 4.071200000000018693e-01
2.899999999999999800e-01 3.513200000000014644e-01
