1.949999999999999956e+00 2.143773811911004745e-01
1.955000000000000071e+00 2.930218568277527247e-01
1.959999999999999964e+00 3.819330258672563594e-01
1.965000000000000080e+00 4.755965510326849999e-01
1.969999999999999973e+00 5.763785843192251734e-01
1.975000000000000089e+00 6.622017244836495564e-01
1.979999999999999982e+00 7.424102666934063732e-01
1.985000000000000098e+00 8.124323240425331827e-01
1.989999999999999991e+00 8.672949669140008755e-01
1.995000000000000107e+00 9.129937838379986736e-01
2.000000000000000000e+00 9.403448967315106710e-01
