4.899999999999999911e-01 4.307999999999994611e-01
4.919999999999999929e-01 5.066999999999994841e-01
4.939999999999999947e-01 6.014000000000011559e-01
4.959999999999999964e-01 6.761000000000007004e-01
4.979999999999999982e-01 7.549999999999988942e-01
5.000000000000000000e-01 8.226999999999945468e-01
5.020000000000000018e-01 8.639999999999922187e-01
5.040000000000000036e-01 9.061999999999929001e-01
5.060000000000000053e-01 9.383999999999927955e-01
5.080000000000000071e-01 9.581999999999949447e-01
5.100000000000000089e-01 9.731999999999965123e-01
