2.600000000000000089e-01 9.443400000000096162e-01
2.630000000000000115e-01 9.110400000000176135e-01
2.660000000000000142e-01 8.664000000000261492e-01
2.690000000000000169e-01 8.078600000000207837e-01
2.720000000000000195e-01 7.290399999999994662e-01
2.750000000000000222e-01 6.424799999999910582e-01
2.780000000000000249e-01 5.464599999999960600e-01
2.810000000000000275e-01 4.486800000000030209e-01
2.839999999999999747e-01 3.582600000000005780e-01
2.869999999999999774e-01 2.668199999999995020e-01
2.899999999999999800e-01 1.956800000000049056e-01
