2.600000000000000089e-01 9.995999999999999330e-01
2.630000000000000115e-01 9.988999999999997881e-01
2.660000000000000142e-01 9.933999999999990616e-01
2.690000000000000169e-01 9.620999999999950703e-01
2.720000000000000195e-01 8.596999999999935804e-01
2.750000000000000222e-01 6.499000000000008104e-01
2.780000000000000249e-01 3.791000000000002146e-01
2.810000000000000275e-01 1.587999999999989420e-01
2.839999999999999747e-01 4.640000000000026048e-02
2.869999999999999774e-01 1.139999999999997786e-02
2.899999999999999800e-01 1.900000000000000647e-03
