4.899999999999999911e-01 4.835000000000000409e-01
4.919999999999999929e-01 5.348999999999994870e-01
4.939999999999999947e-01 5.863000000000005985e-01
4.959999999999999964e-01 6.387000000000008226e-01
4.979999999999999982e-01 6.841000000000013737e-01
5.000000000000000000e-01 7.356000000000002537e-01
5.020000000000000018e-01 7.704999999999990745e-01
5.040000000000000036e-01 8.055999999999956529e-01
5.060000000000000053e-01 8.429999999999944205e-01
5.080000000000000071e-01 8.705999999999933792e-01
5.100000000000000089e-01 8.899999999999921307e-01
