1.949999999999999956e+00 4.773799999999998600e-01
1.955000000000000071e+00 5.174800000000002731e-01
1.959999999999999964e+00 5.471399999999966290e-01
1.965000000000000080e+00 5.803599999999934367e-01
1.969999999999999973e+00 6.179599999999918492e-01
1.975000000000000089e+00 6.458799999999911279e-01
1.979999999999999982e+00 6.753399999999922798e-01
1.985000000000000098e+00 7.079199999999966630e-01
1.989999999999999991e+00 7.355600000000036554e-01
1.995000000000000107e+00 7.624400000000068900e-01
2.000000000000000000e+00 7.863200000000144518e-01
