1.949999999999999956e+00 3.359999999999993634e-03
1.955000000000000071e+00 1.861999999999985542e-02
1.959999999999999964e+00 7.190000000000057456e-02
1.965000000000000080e+00 2.119200000000035222e-01
1.969999999999999973e+00 4.482400000000023033e-01
1.975000000000000089e+00 7.107999999999968788e-01
1.979999999999999982e+00 8.877400000000238434e-01
1.985000000000000098e+00 9.688800000000030721e-01
1.989999999999999991e+00 9.931399999999998007e-01
1.995000000000000107e+00 9.985000000000000542e-01
2.000000000000000000e+00 9.998000000000000220e-01
