1.949999999999999956e+00 6.219999999999976242e-02
1.955000000000000071e+00 1.276800000000044566e-01
1.959999999999999964e+00 2.306000000000023309e-01
1.965000000000000080e+00 3.681200000000011685e-01
1.969999999999999973e+00 5.243399999999973637e-01
1.975000000000000089e+00 6.830599999999945604e-01
1.979999999999999982e+00 8.056000000000215211e-01
1.985000000000000098e+00 8.953200000000232084e-01
1.989999999999999991e+00 9.473200000000088217e-01
1.995000000000000107e+00 9.780600000000008176e-01
2.000000000000000000e+00 9.905199999999998450e-01
