1.949999999999999956e+00 3.737200000000005518e-01
1.955000000000000071e+00 4.315400000000017000e-01
1.959999999999999964e+00 4.784000000000025454e-01
1.965000000000000080e+00 5.458999999999962771e-01
1.969999999999999973e+00 5.992799999999931515e-01
1.975000000000000089e+00 6.546999999999915110e-01
1.979999999999999982e+00 7.030999999999986150e-01
1.985000000000000098e+00 7.499000000000047850e-01
1.989999999999999991e+00 7.916600000000169057e-01
1.995000000000000107e+00 8.293400000000248351e-01
2.000000000000000000e+00 8.623600000000255505e-01
