2.600000000000000089e-01 9.915999999999992598e-01
2.630000000000000115e-01 9.776200000000020429e-01
2.660000000000000142e-01 9.462800000000055611e-01
2.690000000000000169e-01 8.857800000000259910e-01
2.720000000000000195e-01 7.900800000000155476e-01
2.750000000000000222e-01 6.505399999999914584e-01
2.780000000000000249e-01 4.833800000000013641e-01
2.810000000000000275e-01 3.282000000000019346e-01
2.839999999999999747e-01 1.950600000000047296e-01
2.869999999999999774e-01 1.025600000000022605e-01
2.899999999999999800e-01 4.991999999999850723e-02
