4.899999999999999911e-01 2.984000000000001096e-01
4.919999999999999929e-01 4.325999999999999290e-01
4.939999999999999947e-01 6.019000000000015449e-01
4.959999999999999964e-01 7.278000000000004466e-01
4.979999999999999982e-01 8.350999999999940693e-01
5.000000000000000000e-01 9.076999999999919577e-01
5.020000000000000018e-01 9.514999999999941283e-01
5.040000000000000036e-01 9.771999999999966269e-01
5.060000000000000053e-01 9.890999999999985359e-01
5.080000000000000071e-01 9.943999999999990624e-01
5.100000000000000089e-01 9.984999999999997211e-01
