4.899999999999999911e-01 1.409999999999992648e-01
4.919999999999999929e-01 3.249000000000000776e-01
4.939999999999999947e-01 5.732000000000008200e-01
4.959999999999999964e-01 7.934999999999959863e-01
4.979999999999999982e-01 9.149999999999925970e-01
5.000000000000000000e-01 9.753999999999967141e-01
5.020000000000000018e-01 9.948999999999993404e-01
5.040000000000000036e-01 9.985999999999998211e-01
5.060000000000000053e-01 9.999000000000000110e-01
5.080000000000000071e-01 1.000000000000000000e+00
5.100000000000000089e-01 1.000000000000000000e+00
